474578.699414397,7646865.10365518
475142.577597772,7645478.74282893
475870.657941715,7646278.39119481
39644.6536186701,7076236.78795469
476476.236888364,7645182.75447066
162262.183236454,7306611.82712504
151127.036946248,7107703.82243761
231012.885756028,7067591.88273438
476708.262754393,7646042.07111248
331207.018224092,7433170.74750692
-30967.5480490004,6682859.47699338
-9694.41239329602,6961626.3887476
473879.308458616,7647118.52550729
847.831905363128,6971835.47028427
477593.262685417,7644922.34555741
475023.037655998,7646853.19820506
473091.096509163,7647754.59698197
268036.380360983,6546808.0518467
475807.848198078,7647078.5320845
477475.363156319,7643786.36618244
473989.590948539,7647114.79359006
475255.654862844,7646884.74946452
469559.222615437,7655988.55357891
-97376.0523119422,6988307.72848851
155518.539944943,7123685.82425988
155688.907191495,7121331.26754475
-94469.8693660012,6996453.48869202
781273.025581015,7812807.36589155
242402.468441621,7069583.30228951
157930.644692678,7140125.22040595
160342.15682877,7306456.88053346
474809.334471937,7646250.98885288
151470.189776552,7132147.91178149
-26812.0205935655,6667649.95958908
-37550.0483630209,6657050.35120464
325421.992722811,7214168.19052608
532344.196857322,7574655.67512195
474723.499880034,7646361.03648959
-37308.7957766256,6657250.69628014
285347.961126703,7271325.44276485
-26792.8731093694,6667604.99741841
477744.008657804,7643967.58210881
152358.31380602,7108812.30442591
162452.682516629,7125647.97266319
-37482.5975726628,6657160.80601973
14725.7821646133,7045500.52442088
3847.26724846911,7030120.94282573
160174.08635136,7123866.08285227
162122.605121693,7306530.61872782
474983.351092085,7646674.73860088
616788.051369608,7782799.89135753
475295.323334899,7646855.69319629
150941.5695996,7133649.18867025
635486.299976721,7854917.15717898
42957.3988882536,7100564.59784609
151998.624091501,7108953.64349854
478721.029236014,7642817.11806077
475515.178266445,7647960.3461737
566601.038261399,7681291.35969909
255466.825892599,6558264.2213424
99821.125664123,7193329.38609635
476316.980633044,7646390.81098323
102652.434350119,7235050.89954358
255773.691675477,7493846.50266272
474921.854050851,7646076.77725346
154385.060893528,7135693.59027222
475688.824498455,7647733.04063864
475484.007773286,7647234.16848516
160967.228011732,7124822.93040183
475396.913223476,7645135.63999731
474713.586529827,7646869.06772284
255809.775199469,6559403.54835253
6047.47600794036,7031115.6108323
159523.182998589,7123668.34406074
34621.8120576341,7096900.57549933
307230.759724007,7444958.65278328
255199.849863086,7494976.57888697
475667.756287141,7643055.19503932
475402.186797092,7644855.36334759
727233.107024789,7828432.45900187
285049.709511215,7271499.00833637
152599.582638503,7111805.99995673
48038.2315358752,7101762.6915854
-31305.0258669734,6683305.65563093
160841.41133656,7307121.22964723
160332.369368618,7306869.19111584
217560.52944462,7145070.57938021
475371.48794784,7645395.71173538
304975.213319525,7356706.83195691
-42556.6042137697,6670827.52181516
-37135.4447716665,6657373.63526438
474646.161003658,7646964.32164368
576046.214708075,7622818.97901933
284812.689547286,7271183.42729235
62263.5208588468,7134443.05715926
190927.108931052,7157136.33762175
243067.875257936,7062861.98364243
135176.510186312,7083432.09612409
471681.502990171,7649665.44608414
192620.22315015,7415904.32225097
-94220.7197016447,6996890.01785683
15694.3381664526,7046858.83388124
99061.420547773,7193250.46011848
474872.26921738,7647018.98627833
623962.231190103,7851377.68837398
80674.3447253294,7009089.30538557
163592.362268814,7308169.14166019
476313.464280623,7646730.39118026
475443.866241902,7647549.24972671
1800.0393402176,7024693.10731297
475205.397243007,7646890.04979506
162073.882139909,7306851.16361521
80210.5777250464,7010883.4789991
-36647.8639028907,6657674.25523234
160443.744763721,7124128.30386377
-36630.9994407855,6657295.74196471
1051.6711797578,6971940.10882027
-26850.9866377822,6667493.8916212
203865.242917061,7410028.9134541
160199.66775468,7124009.21241796
475772.045980643,7645632.1566977
467342.105102536,7463741.1430752
280211.463090517,7278069.92729317
722719.816740345,7824484.28358057
277695.96361857,7059932.88010393
42570.6790658785,7100714.32919249
246597.792632886,7055115.41865499
478366.515332388,7643298.68155541
-36681.6860941352,6657626.09568808
87943.9086638252,7000309.92992244
280179.972803115,7278160.67137489
30621.2398619867,6956998.36175775
-37080.5180673762,6657358.52743932
476416.138010831,7644939.56948819
159691.83093986,7123503.80618323
242241.445588193,7062929.24238671
-26762.1946724352,6667492.45909185
3538.59910665452,7034782.68960735
477515.039040416,7644890.60870682
474683.843627561,7645270.09297147
770219.037149827,7821140.02688921
258852.287208907,6558651.79524028
472895.435776372,7648990.9529024
475106.988360725,7646255.32325841
475774.786755069,7647657.03567905
208905.816530096,7443377.38015295
259297.605572452,6558244.06684207
89848.52083524,7006210.9963696
103939.756492719,7248172.83022001
287680.614484031,7465455.11831613
275434.500583121,7056285.46268813
307157.092861533,7444874.01789512
170225.084521825,7120816.51096898
101962.435967568,7249938.93172486
160929.724586957,7306930.60644607
-69414.5720335575,6782816.89287374
473688.858514076,7647094.68221659
709742.120310186,7812318.53240305
151940.341188984,7109094.92814642
151816.341822045,7122740.02687044
104567.648663701,7247795.2737606
324762.731512666,7428181.9075541
268593.725778643,7503747.33162318
162527.916506735,7126201.01972539
214384.718039946,7134754.18192426
139444.537683047,7004170.71721134
45274.434509271,7085069.39504101
477307.718658434,7643784.78049145
474515.207671772,7647157.80568426
164021.057509148,7311161.82472997
275473.702430168,7056416.81472314
202365.505136224,7054299.546703
474109.372734977,7647102.60343279
177001.310604701,7117113.07393241
472392.593998136,7649381.25922922
475358.244600453,7647177.66143926
213355.5970094,7069706.42914972
476065.921981096,7646355.9929544
11517.6352700404,7048703.75076092
476282.892539835,7645233.55969961
235198.354661336,7238328.43155636
334298.603966834,7433427.02239818
217471.500202213,7145144.66442298
730276.498777129,7827271.3547823
471673.354439735,7649260.52689417
751.009426204779,6971782.37919025
160859.234016761,7124868.47339434
477882.004798936,7644341.78968313
228383.464201481,7065958.86818186
31845.0106559714,6957252.89024495
472086.146835718,7649467.01302291
280173.53977334,7278179.72523667
628608.981617994,7847582.30436359
474858.138158739,7643605.58385342
475152.532276996,7646895.37745453
475191.943402518,7648624.16901024
254003.909645673,7492043.13973107
-37368.820289819,6657079.86753581
474589.638820761,7648099.85798325
325601.871294476,7440705.28273184
200092.805133025,7433192.95049784
264347.554805168,7477145.94582896
372967.248133044,7372966.86233364
199916.863658516,7433042.52247319
-26964.4729294918,6667460.7098379
-75795.0318731361,6989573.23381387
474892.10674538,7646642.99442252
99007.6233663101,7192412.75048713
475795.8501347,7646171.62959945
476065.935291406,7646241.69550526
100116.38384089,7193042.24114698
216629.458342077,7059892.0026195
781333.408819429,7813519.95886853
-108193.169953537,6984115.0300058
154782.670093713,7120927.0462124
385793.816044756,7570360.62517693
-76199.5903768432,6989269.82501936
474618.394350485,7646520.01571173
-26784.7771648429,6667433.26916664
255871.369836837,7492976.67051317
101283.886529475,7250008.50857176
108318.864879172,7246492.89249596
475549.97457347,7645375.87019293
781158.315525901,7813208.79595136
-37520.7108608165,6657015.47345227
475408.821246013,7644985.09450871
152411.935224134,7111849.47457066
84001.7879450897,7313334.64935589
277459.966748459,7056533.81167661
147655.849567866,7106020.86594876
474277.211426786,7647078.43113947
631386.326688564,7853879.95946827
160363.850972704,7124518.79179726
477214.192905681,7643753.30513095
476419.987100044,7646155.76472366
99634.5093397025,7192182.71321653
4109.03223850939,7033337.26237935
177139.552381141,7117442.93642509
468686.553495348,7655876.98465921
255667.762123404,6554667.0322193
474861.594099741,7646310.89362844
325581.452879701,7441231.04783186
304982.948800881,7356630.27789624
-36966.9273270735,6657438.33219286
722014.231444353,7824549.47819577
267678.184869849,6547075.33030359
164220.309480912,7311120.55356028
100002.891855607,7193169.99807597
160122.512754401,7306641.85702685
476045.907971047,7646472.60349032
31988.3750017113,6956793.5429295
253862.207113227,7492080.41806831
475239.13059329,7644124.15327067
305767.625747871,7356222.5630219
474562.820719564,7646527.9485927
-37106.1357563369,6657370.72528301
221851.312323512,7065609.31482741
259615.120344387,6558268.72008221
474803.43029406,7646760.53959708
758024.264525807,7834507.60386524
289388.328709462,7270379.89155134
471717.422788726,7649084.16498543
471756.009090731,7649180.51444852
242090.147502436,7061073.06180811
475206.031149858,7645700.900551
476140.088291218,7645357.82120252
-36702.5554516324,6657596.38035135
240719.176251856,7237266.3306013
255276.334358413,7494936.10018957
-38062.1378887683,6689742.8280961
99736.29391434,7193273.10098894
373429.43017024,7281805.22825886
80544.8178976489,7008880.92574656
761635.60887624,7884983.13728356
476522.796969311,7645421.83242225
-26760.5905834319,6667534.2222493
475936.793358265,7647600.8072689
474410.887199588,7647078.82281454
152014.906758391,7109760.34622735
154267.988252161,7103142.28898785
154551.641301782,7120312.79653546
39515.6835412215,7077147.57889955
284860.991930357,7271113.20434237
474307.803698516,7644092.42058961
478816.316966856,7641970.40011811
160754.057355757,7306892.1709737
-36577.8227720945,6657342.78248468
255572.159857571,7492952.78759325
244400.087233257,7109378.35135376
474184.613198775,7647131.36395458
151322.701189919,7108434.26049307
99663.1219314082,7193485.62059194
154930.464361394,7121281.10008103
280489.11566036,7277179.42883456
-100311.268703916,6975042.88789339
134385.639765743,7112348.59002506
1848.58502669219,6971344.29989997
434141.227802145,7452921.57777127
476224.2914132,7645954.80956793
-34796.877065554,6658961.62810822
475591.832016565,7647735.561389
92633.5470575552,7283042.49455046
476570.748094145,7646356.82749101
475094.596211463,7648556.46180736
154728.505468252,7112174.70898452
284790.207410098,7271214.72536356
474864.253810588,7646736.72405604
156729.026206945,7128154.65696601
164038.387736997,7311164.17153114
478509.362758271,7643060.59010693
83782.7971153328,7313106.01891227
-37252.0145118082,6657374.56467582
-85502.4060105993,6992551.36936253
155377.867861918,7100177.37451986
-36844.3990579841,6657480.3622183
475748.546480158,7647517.57208406
268355.582916365,7503838.73687243
192468.24239015,7416104.46971873
661142.22854714,7834956.0179825
-26749.8253945583,6667480.75334109
-26794.9628367739,6667392.73537425
474458.497670673,7647197.86788959
159626.701294536,7124072.32374429
245006.454594513,7060806.51631465
474964.752193903,7647075.24923829
475037.571694947,7645352.7941819
148891.637085218,7132766.76298687
474822.676015789,7645663.52836222
474682.390863753,7646105.54247446
474671.171678635,7645443.39846929
474981.370082331,7645432.0900677
255315.686234633,6556353.31426293
477796.041613958,7644054.20125044
152195.821644768,7108834.98474654
154986.758579195,7100322.3603832
230724.648175077,7472507.30224683
725165.768276606,7824008.71705226
472611.721176808,7649475.3793408
475684.740530027,7645896.62545237
86761.4805676602,7000741.76107274
195326.068916934,7145884.97216654
476145.362164909,7645873.61290184
15589.6612770294,7047256.65730705
70102.9252937306,7220905.65601216
470379.440896236,7654447.42491117
289260.991210253,7270435.74354637
-37333.204943851,6657197.10445141
175913.360268956,7149054.87532768
469909.801953266,7655790.1926594
255142.464332922,7494968.56640942
280324.197583531,7277917.99805154
162302.77375691,7306815.18312374
57841.1855397222,7130347.026217
280336.188974125,7276820.36919788
-5524.27794906334,6760035.8517282
726911.309564368,7824867.23134277
-26848.4047027645,6667639.70754178
-26717.8775392689,6667519.97591205
127673.556741208,7372355.79943472
268722.188152478,7503698.62808869
80539.0487882265,7008915.45224123
-26898.3434225534,6667437.23579809
255599.416271614,6559975.32758582
476006.234674334,7645319.64617398
184524.519125324,7406465.89130264
474784.038863229,7643415.10068951
472235.518524959,7649313.88937171
160249.019470283,7306912.45677076
-31027.5190949684,6683090.30722196
270790.845201344,7501866.63865528
-37215.321184377,6657411.80008571
80443.312372966,7008849.06144197
710278.368826367,7817410.65958054
154780.866460426,7095248.59489627
554160.416735551,7734901.46596856
474531.747329529,7647442.09788061
320630.385556507,7428697.32139537
-519.250423833262,7036596.27212034
-70858.5792339349,6783616.78429123
-31286.2489261716,6683331.1585775
265532.067392223,7500634.48375241
80444.0211450088,7008894.00683129
710325.563189449,7765900.27383812
160291.172323256,7171718.64473604
474462.336886564,7646929.75680972
160180.617618127,7306755.00653241
103251.964849574,7249054.42859519
232935.52682452,7080490.37138402
164024.339862788,7311164.58575759
92636.9982597476,7180074.45458152
474388.197703379,7646845.10955135
475540.752386158,7643372.69154127
62942.614157816,7134466.09777185
284997.619786856,7271636.60268065
241638.801963267,7231562.68153336
-37497.0489438241,6657149.35801974
306323.638178618,7090279.67218246
475545.424030497,7647860.24405951
475986.380204093,7646132.96715714
473387.343169361,7647626.26154906
190857.944194719,7157090.64886939
289032.459650122,7269987.19267481
151526.371410949,7109500.69654007
634816.648163065,7854303.33013013
80740.5892159218,7009046.93448734
134010.72280673,7065936.73786872
-27817.6338229296,6670633.75380461
475057.324452992,7646744.57440234
162392.964306632,7307052.9276982
259704.819811547,7267478.8468661
676342.597184968,7827647.19002743
132334.396704069,7085056.12861139
87400.541680416,7000559.09023821
473038.260076059,7647896.01389311
174197.354218653,7278288.06285399
2860.341157054,7024902.13348373
160321.405153061,7124579.59468746
156101.137312569,7097325.82063265
330863.751333356,7433069.22445443
155611.333811489,7124517.63311426
154918.998223648,7113310.03324529
45340.144552142,7085037.29902237
472197.200273394,7649427.39532413
478668.132547069,7642843.55608271
261435.799719425,7489618.49515988
147242.705838402,7083697.22480254
161059.497389076,7124902.60612048
284819.704881836,7271172.17277856
166799.96983939,7311388.75728848
271437.076293042,7187625.43281778
-26704.8062272941,6667600.5088628
255679.928039011,6554677.42061
155373.747715211,7113540.16439043
475524.863864129,7643864.8291349
475872.69680668,7645994.80216762
255867.808452214,7497207.4447307
259169.18093998,6558575.96048504
30628.3913740358,6957003.43734994
-26749.9589602158,6667634.63372084
14213.322088009,6714530.24504958
80279.1934773529,7008690.21591883
255462.408134525,7494796.73517337
241093.689477927,7236850.91980601
222812.422756444,7216296.94091827
474846.734496043,7648430.41086319
151398.968896594,7108144.95812472
162108.299824033,7306811.70188689
471862.830542359,7649152.19308962
472238.40619564,7649282.07585595
474866.867084738,7645863.90705799
476092.175172609,7645045.27848956
475044.163511313,7647666.89720664
532240.177478522,7574938.80610257
475637.134298375,7645859.62837599
475870.660116114,7645048.66329609
-76880.5857948323,6993814.21571712
475424.950373474,7646879.48623577
-28211.611114961,6676880.96912089
160457.488339926,7307030.26099522
-26781.240799499,6667453.98480845
586517.583193811,7754479.97573636
16197.9920287108,7046226.15073916
153181.712895532,7091784.45267706
276578.440632418,7054416.30457134
-26917.9026212669,6667414.63932695
-36567.2846358003,6657381.90556463
159543.552623324,7123318.06689808
471394.721773151,7649238.54874438
93334.3844463537,7261865.01099797
195419.504991235,7419702.97726537
80618.2256800362,7008972.73440433
468616.718806883,7656067.89898936
160802.806545901,7307106.80580263
160443.842813473,7306856.53876177
475471.972961496,7643425.67234178
478583.469027347,7643182.27006216
476277.319079761,7645901.55454252
723085.058094171,7825507.03733618
-28168.887156147,6670100.91833488
81032.2787799935,7194860.65022496
150612.168662714,7107301.22760454
179398.87062695,7412726.30687401
-26869.7707522905,6667555.28320097
474333.399932284,7647111.52113893
474720.558098749,7643081.66667425
475589.541072446,7645126.92292618
479557.127621359,7640758.64868909
99021.8486951534,7192917.78566009
475393.094807315,7647485.74979022
325590.446597015,7440992.32586273
475172.097835223,7644527.37753098
275261.984081702,7056241.80157955
331474.714090107,7433042.37210591
39554.7093424678,7076035.42294404
474672.724851324,7647491.38111054
87688.782328998,7000443.646793
475138.566091512,7643304.00725424
475370.039715219,7646042.0373805
265898.247934445,7279160.49840666
-35587.3630739723,6657953.04359999
57759.1377691397,7130362.74880186
472117.816991644,7649205.93856666
255441.549883467,6556613.24247199
543579.203324552,7574601.70193402
474611.654579941,7647835.46235812
722710.626873739,7824539.44379503
151417.591572858,7109411.83570036
175936.963429273,7148951.38698719
474188.727928452,7647761.13329175
476192.857539836,7646514.66777204
151075.981184681,7108349.65902533
473009.78262801,7647851.83286863
277125.734972575,7060782.4211491
-31334.6494040103,6683296.74817846
155764.833824282,7135898.08106832
474479.449738512,7648085.16332898
152245.32675303,7112036.58778969
105860.119916205,7053666.15359897
130742.905191203,7012145.83518322
162313.669179056,7307002.25934555
780868.460708616,7814141.98064249
195376.5579641,7145893.39950656
475621.416822017,7647657.21129672
477278.614018455,7644737.1099886
-26814.7689434867,6667554.17562259
235145.505110481,7229130.44367947
475057.306252194,7646160.15005736
277663.995794808,7060052.37075304
87508.8788626791,7000522.79842523
475331.79194038,7647071.88019183
781025.403979581,7813013.87642359
273192.625137942,7054969.57160859
473974.48456489,7646983.59348487
268342.609895648,6546633.25284655
337175.781502953,7518217.1815636
475490.247748756,7648416.78209537
31791.7757673595,6957019.55971144
195799.833593254,7419917.60260653
475138.06548871,7646789.70032779
324985.261937368,7214508.12616392
280482.984927699,7276851.08029856
472034.857126074,7649228.29040603
474895.391636927,7646866.87350759
477244.271179499,7643229.60583861
199798.529333005,7432941.9828159
472752.623642722,7648967.21695848
474753.792653112,7645933.6416665
731518.358383277,7828205.98977037
475545.423376402,7647549.24262333
476269.247689506,7645396.71770105
-37491.0423482838,6657117.31307791
616539.443286796,7783247.55933171
151082.208260084,7108405.10939294
264579.516847119,7499901.82104494
47246.3337192858,7099999.28478738
77578.9708527619,7164296.37325478
611484.856835098,7723881.93151134
255290.210912451,6558018.71490711
-37313.5447307966,6657238.85180495
634724.528058413,7854241.88039531
476826.366352336,7644512.27962749
203449.725928838,7241161.77512814
162389.479600811,7306712.24540016
474371.222596724,7647253.41475509
285123.68115067,7271418.61618164
280376.519606354,7277850.05911253
476401.47965792,7646917.43988626
781227.33432775,7813304.04589307
623847.101425178,7851565.23978318
474654.072970417,7645865.19443029
159826.715532679,7123657.3456502
-26761.8420671743,6667500.87489945
115130.728790478,7240920.00617718
278284.926693547,7275025.64224085
476258.66038261,7646343.5347234
-17148.3861304384,7008056.46944889
475288.449303601,7647094.28217258
710685.84008987,7817078.63643857
475639.795173036,7645235.37074695
-27195.8127908744,6983256.35863649
31961.9853319807,6956783.63440388
168903.330136229,7129887.047232
88348.2492650824,7320380.87613468
475586.353487214,7647162.67749898
477637.382717202,7644381.46271888
280433.04635719,7276829.58546271
160908.370421248,7152672.82116174
-36871.5614059345,6657466.24402783
250631.695335138,7048185.20000637
-60509.658226583,6745542.81462218
-81907.7574015928,6994454.22249061
100865.644866482,7240937.37511357
333475.745268551,7422830.21538436
87800.7701675502,7000395.64694929
289146.985845563,7270457.65084356
106115.002504497,7053513.267493
160802.551378648,7307114.81608729
100614.6232206,7250460.15118279
235025.754729436,7225872.26505299
259379.703525881,6558361.70876664
324655.294598385,7427875.93604946
-37214.909659712,6657422.46896946
477611.778993763,7644197.70587861
-37336.0362313002,6657254.8876219
-68456.409836372,6781337.10556554
259644.784211496,7267438.70233828
58095.8686309942,7130292.77975136
-26747.8550980528,6667606.44989936
228410.786809655,7142290.85073846
-36678.3169525003,6657641.41618128
476205.752992957,7645568.60828189
150903.623536469,7107695.21981003
259136.093432839,6558142.60133566
475698.762538958,7645564.2997486
-36707.2112988643,6657572.21243574
475353.596764823,7648011.69202008
-47619.5815420836,7004605.72366274
477197.67125757,7644269.07422802
57936.915799795,7130327.98907684
280480.906558129,7277479.33748359
-35553.2957817337,6657968.42575595
58209.3810893008,7130267.25224253
479107.325977579,7641420.08346294
240637.666431979,7067133.99191414
474625.109936763,7648284.82265527
475354.94080243,7646995.82162095
-43994.9023677489,6737814.34465786
474508.832315204,7648320.25783138
474713.50566159,7646607.13077542
155977.397860148,7122287.24855323
474648.147054827,7648349.1498993
469553.222291258,7651328.78267867
532169.142025534,7575109.73728666
280344.843802583,7276821.39114854
278274.422652192,7275031.47802664
268214.667744792,7503555.16071491
-26839.5983268269,6667659.89384433
-60557.1458214786,6995998.09525951
475360.841323917,7643743.13247247
110621.67506817,7329417.76959486
670152.318138105,7829701.60616279
471959.204932403,7649736.86658534
67833.150128655,7196906.16306771
-37200.006315719,6657432.72256812
320214.317833278,7426914.24114248
475196.337750697,7647460.40383637
472474.046171519,7649392.72439816
302825.830116034,7190768.28898124
100232.419350108,7252563.36283244
474244.209289664,7647961.82914795
470114.853628349,7655452.80891819
-26735.4829687231,6667662.24849156
477701.688946999,7644187.07856598
474221.675794383,7646674.67428781
475396.892700489,7645000.82489006
259492.161613656,6558778.9001001
46063.1260071084,7098095.38740225
564832.861420983,7682759.09325324
474446.369948138,7646051.6661243
155261.774569001,7135954.4754451
-26770.1082619342,6667482.86875421
-36606.6419320757,6657283.50506159
472106.752532264,7649311.88896703
-35484.7898155301,6658037.5314747
475626.972960653,7645392.16859714
573615.217609898,7750767.38575968
725631.049350717,7824245.71368151
330257.448600112,7433799.8491411
308011.433881442,7091951.4974422
289172.764437058,7269858.16353521
781060.895237783,7813138.83482401
475952.266823607,7644112.07879107
217699.676836214,7144954.23592421
40350.1168548672,7097836.42859214
259320.413745584,6558879.04899271
475163.1784536,7645881.75519269
280412.455447738,7277713.23808753
564678.092103675,7682919.27330574
476340.641845541,7646243.05665029
-35529.4948041243,6657983.830049
105528.393079824,7247102.76606509
473617.443637688,7648015.07767063
104402.358616306,7248471.02938543
101917.927739654,7325379.19532049
285380.330344801,7271324.84120083
-37061.952058817,6657366.89338059
475466.670253578,7643494.41494112
159708.631846641,7124815.48824985
474420.660414831,7648011.73041613
152762.393983266,7110260.59226581
160751.23819278,7307282.74240117
159185.121290089,7299168.95330914
-94164.9621603916,6997035.77576791
153208.062610973,7091607.72539633
160353.842462256,7306473.81612435
79097.2754644656,7174396.11725731
152050.65372534,7108972.18304601
277299.249845402,7060779.14615741
46307.0960276084,7151861.24525475
-26720.3981412649,6667492.45461758
-73827.4738218938,6784098.83451287
-37473.1187373198,6657073.82051142
259188.936087072,6558798.02015274
-26935.4851352962,6667476.87510477
159017.539137183,7153141.74683203
474713.503117753,7646771.0509855
-35532.4276696789,6657979.73867599
-89976.3929400457,6980775.67886712
100434.346834822,7043090.26299692
-37330.2743289022,6657107.45922178
114727.048402075,7064241.2262245
476244.23718152,7645488.284809
472352.661034519,7649383.71486994
133605.451775659,7166856.92283298
321132.454418208,7428530.11996363
152593.374006218,7111750.54799921
320901.828453772,7428690.59689204
153040.740526367,7110409.13936774
86547.0597526347,7000791.60455245
475659.69078401,7647536.6249216
-47239.0496100131,6709090.68950497
39686.0305015075,7076140.41847183
477053.801914373,7644932.77144402
89014.1092705571,6986027.3801231
38242.9919285728,7100856.23740352
154198.898801375,7095458.93378969
475797.941797308,7645984.16126626
248939.20954985,7183130.8795904
161985.406420123,7309055.55721058
277277.820025211,7060615.34641637
475353.885443752,7644763.29262132
47141.9477068635,7099965.55981678
155851.680728399,7121290.68306632
479319.004618135,7641346.0447729
155008.382560285,7120744.64574815
477609.11920315,7644745.12576196
271204.488582448,7464928.76554993
-37421.7984377951,6657186.39882284
472554.278853956,7648745.05945778
475973.170526506,7645028.81697035
-37336.3904485805,6657286.56101771
280380.276435918,7276826.42416977
256330.112932231,7492934.78331916
654203.383960275,7839219.45108727
-37089.4649166111,6657355.08611738
-61198.9162826615,6996301.71283349
478170.713850325,7643446.81644657
470610.961878287,7653442.02301945
476731.531297914,7644378.13526971
31829.415942118,6957290.3054142
276733.593940428,7506117.23729224
162167.878860836,7309269.35764293
-1279.60933569586,7025081.19762674
479250.209016093,7642642.45119309
65914.0222716934,7104834.53127477
470429.55075986,7656715.3483749
285027.863667099,7271526.34372537
631412.587849847,7853812.7852493
239399.743304775,7068757.10498109
-37437.1323841828,6657177.90253724
-47508.7311584849,7001713.99657169
470461.528357211,7656888.47878559
616720.139155091,7782857.99238476
147042.016461128,7083816.5983005
276501.164321895,7054734.70505709
87434.5000118911,7000543.51498202
478223.621933858,7642727.12130802
160257.857423104,7123868.09095907
-26984.7510726749,6667048.53663853
255577.055920867,7494686.96371711
470050.62577143,7652191.36340185
271424.272960216,7465250.10873527
473910.215089527,7646896.62594433
475450.233530481,7647853.94325145
245898.056274105,7484846.31380248
156027.031952504,7121495.73257264
163708.693783048,7308291.79354935
-31349.6942459162,6683323.43961763
-37350.7589172703,6657085.1437234
256214.862416933,7492945.07560319
268463.454567235,7503797.32100223
326528.492024074,7213300.60910749
-35605.5498246293,6657951.16627314
710447.287549234,7810814.82646016
472613.621340288,7649458.85443516
190823.912433589,7157066.06696357
477336.798332608,7644737.13202768
254574.25152383,7491808.95987344
565461.136324749,7681496.80002001
475747.132014998,7642377.8866698
77437.8977505012,7164146.28469306
-59122.1357008856,6997271.72739878
84044.6809130699,7313379.87639492
285143.620942969,7271411.32705149
475956.623930592,7646258.5941526
162267.762699708,7306586.10715391
475259.790985876,7647492.10344889
654257.381711943,7839283.5435871
-26754.435650859,6667435.46990419
162380.33611744,7307047.11086816
162289.894085995,7306649.35720515
474295.796682273,7647813.42680084
285180.579555199,7271382.98731816
255535.159340273,7494728.37595136
634785.615924722,7854267.92599589
155837.259624644,7121382.11660119
476427.559350699,7645210.20471328
162098.176745114,7306569.23879758
307331.837710927,7445077.78310902
475268.890455746,7645580.95335556
-37322.2962110543,6657121.88288896
-37333.6083897976,6657145.32602114
781316.515093337,7812608.03080128
149052.25587102,7122482.11697117
477852.337767837,7643766.11485897
477815.880489236,7643991.35497734
284984.560393891,7271681.62745237
478911.554962083,7641933.45625445
475487.835500576,7643319.80366755
141076.784475473,7029762.83610428
110526.811837111,7329644.37649909
474862.356455785,7645260.23732576
474413.636150435,7643266.92609351
106000.887053419,7053584.90463252
-37291.8458766892,6657317.34507291
133563.001884724,7023120.87930695
-36860.0714757094,6657458.92606482
105565.48238614,7053841.2126046
-26792.8382207609,6667369.85413812
-31065.1686894702,6683110.79422923
195345.308580918,7145887.54125617
261697.140741631,7498368.69393392
297515.731332794,7090748.23050477
789409.130116941,7812069.90450089
39294.5444217094,7099402.02919659
-47870.4483692745,7004928.6953501
475214.422140114,7644387.22997465
301787.919594275,7353258.93021347
475376.713576514,7643425.61766865
-26760.1245963215,6667515.64247052
207100.918520813,7049475.9455601
-37153.9099410708,6657369.8852797
477461.120553626,7644842.92927348
-26825.0357633483,6667540.0685058
-11869.8089082598,6997791.45689066
-36769.6191704678,6657523.69319445
36991.3836974096,7099785.97141359
98946.9133116101,7193153.09431407
476514.295279316,7645157.30200682
-37086.1287970159,6657353.69719204
192709.155197464,7415807.17833437
192432.488206992,7415945.08623172
81075.077940002,7211715.41984955
476482.27624428,7645769.34712126
278416.31490772,7274998.15775075
-36602.2192065716,6657379.86973343
475872.478461988,7645972.50237765
145253.208338611,7280239.74801863
219538.675512403,7138480.44529351
477203.197080452,7643237.12155376
-132756.312872423,6984944.76631619
470446.143321905,7656788.9706225
45246.5022841403,7085084.73025547
-37323.1201857247,6657210.31794346
-26748.9009333262,6667659.8811256
475798.906891738,7645011.34189055
-37298.9404940262,6657265.86309577
150385.82944763,7097960.95898744
255956.435775894,6555765.19050719
469934.209358618,7650974.27464901
470247.15966143,7655525.58063655
160192.496373175,7306805.18851261
255548.238688387,6558727.98791611
255637.76848914,7494608.74209287
254178.907036786,7491978.90760124
2347.17241070478,6971112.22956682
-37479.5550451189,6657033.5361317
160772.949657248,7306921.51697292
245132.838213103,7108378.17507689
268983.177524584,6546270.87834073
152615.781925988,7113140.49187122
224044.046257535,7216830.82169371
-37338.7704285845,6657272.56473076
-37447.3237719226,6657169.44807886
334757.793287652,7447844.80226907
616469.256406864,7783162.15537753
330802.838761372,7433285.31503227
474185.956183049,7646539.78597932
474446.350178246,7646808.04164459
199387.885323018,7148931.43563594
152044.758269461,7108836.18049332
99934.4356494037,7192728.52807671
781152.423988926,7812643.99423162
477492.83799771,7644173.8105601
475049.365523596,7646612.40396725
-36945.5811333033,6657463.45992125
187546.08896257,7074961.39610405
86528.2633576664,7000805.25659657
307272.819368432,7085451.20768
475428.879027983,7648410.4803267
781353.339979576,7812668.37182115
-37189.1486111586,6657410.47525679
304978.070117196,7356683.15770449
474783.784003126,7647435.82424912
-36812.7418413615,6662077.84162156
261493.557221245,7489591.22326363
235138.844186068,7219326.97460948
162217.017857998,7306906.88600091
-36606.8603644943,6657264.33856813
-26784.3478413963,6667410.06637611
262830.249807989,6550085.16806696
2476.62501537381,6971033.60482146
271273.059948046,7465031.72646317
-28285.1610276761,6670260.67591417
-47708.4805911126,7004726.8954103
285166.736117022,7271381.66241741
320484.137534652,7428740.50614623
-37064.3658721532,6657350.30456961
175933.666002779,7148970.81166284
-36796.5354587146,6657515.18540341
169608.058778406,7130494.932811
-37171.5738173804,6657396.73687773
277094.107698855,6548569.71671792
199416.730250096,7148933.08256375
475657.393590651,7647803.26793742
65455.0109150865,7184400.02318286
-37320.4098172708,6657226.97657313
945.018862298166,6971685.04520154
257862.286532698,7494214.41104691
681434.575799145,7834756.85685555
326918.613087631,7447632.85424362
471997.211555127,7649104.38250926
104687.7665563,7247700.23576539
-37405.7703425343,6657201.23141443
474690.444404604,7645518.02383117
-37295.8438249826,6657285.17592688
532313.318629086,7574758.87158059
774981.259605204,7813464.28782726
472165.518908395,7649025.41800656
-90154.0627477354,6980840.79831684
219651.592744933,7138653.2617469
130005.043197425,7021652.45457961
244704.866917115,7113079.51809283
631348.716116982,7853968.36673809
476346.742890073,7645306.43083017
280481.056655412,7277082.17807407
80634.098725019,7008858.08259651
277199.15903339,7060698.11700309
268911.332278199,7503635.75211886
256493.822877891,7492918.35026657
152444.004973095,7108959.92618694
573611.26601926,7750898.14257925
161282.763690987,7124788.28767836
6025.6907905566,7029875.20698394
-28162.6994342979,6670414.3284072
475848.746876551,7646462.59688095
-26766.0009451295,6667506.77624626
-26879.6504786027,6667457.36009826
248638.623988168,7049360.02025034
781195.267434975,7813263.41484453
-37500.1626269877,6657129.9346955
-37322.3691831406,6657299.76608241
220553.351895205,7075969.24569985
-37465.3878983052,6657175.12756581
475950.024881863,7645541.205858
331119.420819081,7432114.7510885
98952.5317226234,7192217.32971108
160167.635220274,7307448.36124772
476200.465320236,7645923.03635122
-36752.7700112134,6657525.76000337
-32819.2594460963,6644280.28159067
99111.8114196725,7192432.64314791
158377.810983509,7143039.74882185
475376.727442488,7643616.18741853
477314.348856754,7644396.34470743
-30666.3092688494,7016388.10209374
-59527.7801651511,6997992.47202613
42522.5684814737,7100734.25772145
102640.090567573,7235030.02666316
474133.201970252,7646896.28130971
80526.824617236,7008860.74202461
707561.788075216,7813463.16425391
280480.175506396,7276834.18132568
477162.257348752,7644864.07850616
-107924.107439306,6984095.14623448
285072.934359649,7271473.36032369
256361.019956957,7494341.25993539
475066.106076243,7646910.5241254
46886.0258105656,7099890.40515243
-36708.9313010172,6657607.4714193
475073.920338741,7646354.45551746
259334.267787928,6558096.60702575
162311.427870165,7306653.33754439
151479.081838657,7107933.83673293
472744.686509879,7648388.00175264
145536.776228146,7236386.86423714
474968.013864902,7645970.70781374
475980.947852614,7646036.78732383
477985.514600718,7642970.53762824
474552.921617474,7648004.33815566
479192.014518336,7641383.12845627
-34897.0905617871,6753815.27376718
183943.066788762,7127142.68271067
151966.359066626,7108721.2136609
175944.510617217,7148916.92495478
280483.315821354,7277456.67493917
475718.588826745,7645478.35341315
473260.044279671,7648166.01714457
226271.876386074,7318180.00663206
616191.598980578,7784814.85706042
76199.8927231673,7200450.70775779
725484.917925764,7824051.71321685
138142.955164574,7119965.04119073
474849.126336736,7646453.64244108
32488.1727757199,6956986.24076566
320316.062916654,7428785.14205834
255581.92689377,6554493.86281307
472988.265750296,7647820.73413495
330792.732702697,7433263.59893832
37769.0155127835,7099684.11075726
-26792.2038657026,6667349.66985536
254451.550693994,7491853.62884045
-1244.04957932438,7025354.35819237
85136.3016243298,7275758.17198517
476987.692569474,7644448.76983961
723077.615246861,7825506.30299362
-7984.05250995938,6661308.58139246
160453.884754984,7307034.62202073
13289.7889601642,7045719.4303426
259173.825268239,6558285.36965727
278479.192329488,7274983.06697087
183942.524841865,7127382.63947073
-37053.4052989453,6657384.05793492
337286.296185235,7518032.51867498
-26725.8959219555,6667477.09972589
257741.065089532,6563311.28350918
-36840.9103503984,6657457.2682805
265697.48647742,7500518.96281833
100637.774336409,7250490.8091301
-58552.9841500232,6997548.3600104
475211.72334204,7644674.06030679
475530.180736521,7643266.86235934
781086.68719945,7812714.60858996
218772.535299318,7086575.98234938
474831.655202414,7642801.19893228
255513.122003692,6563911.40427778
-26805.8630389887,6667567.91331063
476131.716570077,7646602.79440197
87557.9956055357,7000505.29649635
41554.3875341322,7095286.6607595
275247.003187328,7056030.4916624
477673.721702345,7644864.18867163
477272.868930606,7644632.23316764
178975.396224613,7412433.84345162
255624.872017623,6556244.19340674
779570.357468747,7812156.71353305
151866.231976509,7108654.05019019
39695.8142112782,7076172.85891779
225887.068436264,7219774.5840037
478207.771389032,7643362.18863471
301019.779315728,7353079.60367528
146143.719842106,7240215.02735364
151849.177627821,7108060.79508321
477528.277703556,7643716.97127203
474413.632519553,7644161.23730261
475856.680340017,7645949.46310681
245700.947599158,7484862.06540915
-26742.2641275284,6667469.62350012
-76925.9162866544,6994053.55568798
222916.470005687,7216149.21598519
474974.147082721,7647466.77780197
88847.4598986164,7308942.11595051
217772.719999068,7144893.84278114
285259.170457373,7271350.56501455
710960.409898204,7812207.02184669
275431.254806464,7056028.61198176
162274.771465351,7306816.79817275
476753.225467467,7645788.1861213
475695.757551121,7645019.27023943
321697.357632804,7431655.80396279
-35616.7968199104,6658232.51636104
68125.2904104009,7196850.6616906
235273.055026539,7225807.03446915
-36996.9521748287,6657435.9245385
100900.996587225,7250263.40938522
61431.4122349639,7115667.85441333
-60502.0747247752,6997316.44189824
258881.234454063,6560291.2810029
13994.2177034239,7034501.35142212
478747.52264136,7641996.86118246
208456.292278299,7442987.5527964
573610.053583202,7751064.13247202
44645.2677338448,7095760.55895039
-35479.852909175,6658000.00146025
475625.400594561,7643018.25742255
781259.265530314,7812702.18568736
157027.884494354,7136902.20828313
474741.710929282,7643346.28602901
156250.789789882,7122312.96236696
102649.455826435,7235028.76634132
155343.83581645,7121987.30695082
475840.778487954,7646407.0316637
89160.0112049559,6985767.06442608
105603.212787267,7247058.92218139
80277.7558638549,7008679.14314749
616574.140232789,7782988.53940082
475079.789520862,7647731.32383929
154697.49362249,7120296.50612774
284871.573383448,7271095.53571326
152183.705092352,7108753.24367219
153814.832429025,7119755.12266523
87454.7100349735,7000540.94387086
81151.2936125061,7194967.51896319
-1223.98492196185,7025494.54103023
228451.544553243,7141808.09689844
155397.850393081,7149808.5064994
-35680.181046247,6658228.16687585
-31388.6406234445,6683347.84572668
259658.033864854,7267448.01629191
-37474.137470857,6657123.66056654
-26717.1785486448,6667533.98629076
475228.52490207,7643155.79819202
160317.316739133,7306827.36547667
476355.593979309,7644445.94046075
-26839.8736771696,6667430.55146069
147564.653842701,7109509.74941717
90026.5306789651,6982865.61033647
280482.923107224,7276841.69033463
156265.941231308,7136437.14112304
474554.891588235,7646603.2999966
-26764.8991363612,6667418.0042665
586460.897406642,7754405.78596356
163711.456621731,7308299.56042531
474953.377214248,7643145.19469944
73196.1999517975,7145686.16837627
71516.3457699749,7115332.31898759
410722.7396919,7367786.10401509
725797.7231499,7826191.27563266
-37262.175318128,6657357.29652814
479001.510230288,7642494.35375052
80603.1065891772,7008974.69603591
195419.193852958,7145891.39775607
272369.239404409,7055028.56139833
-93897.9735620455,6997536.73107822
176625.26036279,7149105.14143183
474382.970098319,7645782.58074084
330152.162191131,7433795.2681092
15663.9953799491,7047089.26881793
330988.679008062,7433318.42155482
-37204.387438115,6657441.83032845
163638.583900421,7308221.13796704
76502.1098764134,7181008.78455307
99982.4225113391,7192834.78454345
474630.267998301,7647150.70769356
86582.4249085166,7000787.09541003
151967.563096326,7108676.38529485
475969.850526729,7645408.98520084
-37222.4421416172,6657392.2824719
474673.812334137,7645387.83925856
87474.9200699781,7000538.37288636
708244.934081853,7812181.04339109
-97631.0358321773,6988692.50877291
-37042.8204411976,6657403.0716785
474285.15651818,7646809.60764917
208773.384689138,7443262.12856525
232078.365202275,7227049.58699713
313793.706772638,7422874.90585
64549.824448043,6972779.75226129
-41355.0130742119,6689665.09398297
39666.1049078596,7076211.071914
470392.677284597,7654546.62401116
284991.622943007,7271657.84556728
474317.830671751,7648026.40530894
718811.763850039,7813542.59839503
477114.646922235,7643298.26750609
-35332.0899678903,6658787.10198934
476231.54974913,7646582.31497586
279006.391458374,7058323.92055535
157893.54701459,7122579.74100195
476467.588297738,7645841.07631429
95003.2382317786,7268358.82468296
240696.742678041,7236626.70024143
156496.486095328,7137141.25585292
475507.025127111,7645901.50768319
162054.768817715,7121560.50628721
45264.5897348301,7085070.82161072
50430.8797182118,7107032.80878302
473799.944362716,7647094.72460571
102517.501574304,7235677.48590577
176948.565819752,7117141.68687977
-26821.8789399624,6667458.90371491
615917.965173445,7784936.44143963
474948.292553833,7645309.7649936
587045.712586017,7755145.74208635
174191.747894157,7278189.97913542
470399.644823957,7656515.54148334
76511.8281819833,7200732.23909239
154542.653231566,7135788.17295607
-28161.1110875376,6670479.91791452
231866.947852997,7230193.65365544
38796.7231610896,7099494.08945625
477115.030996481,7644530.21284011
476014.809921506,7647107.17304343
474847.544580103,7643409.76901121
236246.227818967,7218312.07021872
475049.36769986,7646786.9173345
149398.595049342,7111177.74255799
475887.887346246,7647841.03186387
86830.8006644615,7000721.67257766
569769.955847089,7752049.8126664
285292.14045758,7271341.75502887
153241.121284537,7091401.84908893
-1848.01426284667,6976731.76371208
473561.921657526,7647792.87411393
303491.666569783,7354726.61469439
471146.696155472,7645476.89615642
203964.180032231,7242478.01747892
317700.843004422,7427193.31593953
228429.55626667,7142082.92870042
160756.799324262,7307288.26552967
325600.069789942,7440762.6154348
-36926.1829262091,6657459.50854719
285319.503711941,7271334.36601546
229380.223504022,7225054.75167292
474948.312268343,7645888.27903629
270680.926945944,7501353.83020273
469784.128719617,7655155.21381531
474739.318291842,7647339.82348699
48079.7115081756,7101552.26057998
723133.728477627,7824670.84523667
166598.753656767,7049062.22138761
-37284.5633111071,6657331.30530772
781633.584683764,7813209.64482758
150430.157931342,7106209.90724683
85887.6912732653,7001900.01608939
160227.345684289,7307462.74549311
103903.771744499,7248222.75358856
250833.756169323,7045462.58157002
84167.7621385893,7313512.64966307
475242.52337822,7645481.63972806
280362.673397852,7276824.17862946
470260.357514299,7655644.6291022
-26837.5304964531,6667687.81877473
330842.761284494,7433293.9982143
475771.490639578,7647118.14093885
474256.893373279,7647625.38017667
474675.814495479,7647358.8749308
474387.153020095,7643351.61400714
469830.411484645,7655432.98389497
304984.770732036,7356611.14717926
30722.804578074,6957419.45125275
43965.2110045353,7094945.28425252
774527.585441334,7801424.67246496
474466.526642962,7643272.17669419
475801.542200698,7645860.35017578
161945.486745968,7125366.72731339
155843.475089459,7137124.52103843
46579.3607624318,7092832.48168384
435094.304296017,7452597.30273484
161587.387277665,7124788.55172482
-37491.5844800652,6657017.5567673
99665.3091433309,7192268.72786844
474872.182499979,7645908.90295121
101929.104012891,7249763.15066289
-80955.1535450795,7000665.20423752
-37513.1950603212,6657136.46280419
477418.951452282,7644798.15409828
214616.854874072,7134756.48024745
147985.010470074,7113213.45703044
-36889.4439659509,6657468.84531498
155103.216859446,7120756.52257153
-97480.5915028705,6988462.12536737
475790.524717096,7645719.39867145
476271.192449101,7644864.68794794
183945.560068925,7127255.92872991
277781.422544212,7059570.00339808
-31060.5870320069,6692477.60502019
-12110.3318995865,7014045.1477977
145709.026116932,7002674.9478445
-26747.5643708962,6667575.9294953
61506.2376882752,7115098.20573233
158956.939682281,7123214.38287298
781106.354453719,7812951.10209246
474551.608777853,7645861.90152895
-31271.2676739473,6683349.6470853
284847.14263082,7271131.89770336
265760.758706727,7500748.53478597
255976.387933295,6554546.82258311
781060.340284307,7813160.24936711
474978.001008355,7642859.14542215
301234.350071816,7349575.17121222
277651.451700227,7060378.16387664
475000.990596188,7642811.85533051
475339.684337688,7643848.94352286
102716.336706266,7234569.08871994
-35582.8542841717,6657981.74985544
154778.730921611,7135840.25428351
307052.210841228,7444745.21341149
476280.622985526,7645577.58792093
101030.075678007,7250200.77770753
475301.702715491,7644913.46093931
472606.268264536,7649010.77031411
474641.17613585,7642848.86796365
271326.427662757,7465105.64739379
-31094.6597334358,6683109.43143314
88747.4687703571,7320668.10045733
284826.594962218,7271160.48026519
181589.513792565,7046965.92191862
710329.828485804,7816855.12570333
135958.846707198,7268263.19210372
161420.025122813,7125188.59009688
248569.632997497,7075620.12703198
63472.6398390886,7175263.44258485
-26771.1601200309,6667630.33355649
6835.40982767066,7029569.7271669
160137.951894722,7306761.07900042
471093.802074621,7652906.15800311
473098.439891797,7648165.99370924
487373.441057299,7544492.62261744
311645.214508283,7413811.22707837
162626.814900486,7306638.21045589
474798.749419071,7645600.43514259
615943.30893301,7784933.69508066
184312.826368975,7397769.84932052
635710.017892937,7849256.48937079
220880.759912755,7084338.27450312
280487.827788811,7277234.66402725
151449.511851873,7107802.39661565
236226.945827844,7217781.87047496
256081.876366154,7492956.11344458
105639.718909652,7053798.35750687
150907.616235058,7133338.32741117
474873.447300271,7646772.64807334
-4298.67965786735,6979644.42275932
155256.543903312,7162931.27859108
100676.685887064,7250462.97342155
-36803.0291673972,6657490.15546954
278329.351363286,7275016.20834607
213667.925600658,7161918.679294
280489.348496748,7277162.29951472
532267.83096067,7574871.36115872
474531.013192652,7646051.68187322
-37281.4770023344,6657348.58681752
259822.71758381,6558646.43280754
-26718.4216484056,6667547.93621472
474904.353192914,7647466.70753134
289050.965132415,7269941.35004112
-28325.7540288457,6670321.04265213
549049.899937207,7568965.47069178
474761.093589128,7646607.08880103
-36712.7717447432,6657828.24719948
254073.916180601,7117915.52924396
287695.643685977,7522733.69146177
781539.063114204,7813701.63503113
261315.895754055,7489672.54277405
476613.07830905,7645087.3386837
476142.282533651,7645584.49865479
475485.776411003,7647109.59422728
246383.245104583,7485462.26691479
572736.444943786,7622720.13443456
-37390.1817447544,6657209.12604457
781052.240785199,7813362.71976471
730515.102642906,7827620.99694343
152139.080371192,7109634.13869928
89905.8580150656,6983026.8154352
475554.639154649,7647285.65303582
255648.406631204,6554724.09985391
255665.589001951,6554723.00143152
475120.216246622,7645379.16703624
476740.028888568,7645814.62680878
474394.54819053,7644249.63993056
278533.869880052,7274971.17590273
-37383.2634500943,6657225.28499396
32583.1169693019,6956935.21825397
166512.589267522,7128180.80470714
469969.320441196,7656497.91349335
-3233.02004425769,6979796.92656572
258225.491714487,7494707.68202859
240711.268792064,7237043.08061981
-26781.0130655209,6667604.42710199
474306.948106252,7646367.68702209
268206.52980516,6546764.26978668
45161.1046514863,7085119.68206186
475143.340310506,7647101.65244856
-26793.1772845584,6667583.02851157
135132.325916065,7002225.66102616
160757.563039823,7307085.97528178
1945.60254934692,6971347.88530194
38396.351407558,7099382.08305191
708725.431658686,7812415.5438627
476986.09637918,7644540.22203725
190831.199069851,7157070.93457696
95459.5189847837,7230403.44272371
-37358.0141453771,6657232.11206292
475554.614613846,7647202.35534131
272441.724082347,7502458.27913348
475727.078927673,7645965.34407442
252441.94633297,7478027.45663671
480596.954530049,7640222.83483362
1053.10506545682,6972086.83565471
102692.919930591,7234572.23894493
-37228.0715734471,6657378.3074268
84689.9847443798,7205782.71122673
476197.974100252,7644995.74815407
-37124.9778561047,6657379.67861855
39868.1201893072,7098639.84949048
-37178.283536287,6657394.55125428
475483.858734724,7647227.2563493
32611.2285605123,6956927.0612743
479276.682703163,7642377.95572324
661137.980588168,7835266.42118204
105193.382205959,7248071.63281663
280482.476068092,7276833.3361046
5142.82639545528,7031899.63964315
476307.135866013,7646806.61304122
-8707.47177345143,6947513.02606942
53133.9787401697,7092361.37532466
478049.004217912,7643155.74473734
270043.082078075,7045884.35570623
565251.508941273,7681887.72081164
475287.139972404,7647659.31704874
478572.865646986,7642965.25606622
255779.451954809,6556234.30803022
-36815.5937665063,6657462.6205576
470161.143716791,7655849.68171253
174191.365241689,7278178.67960338
155974.730336986,7121467.86846066
2220.67829412245,6971185.8907118
472165.491221239,7649522.53915903
280484.726155213,7276943.88835722
475231.164138486,7647050.58810291
165044.117995759,7127217.59438113
474492.063377303,7647088.3512231
157326.431212403,7100940.60110235
475745.575992756,7645116.35049173
-36905.1928880007,6657450.8084026
83856.0155840369,7013134.35565959
-36730.239979792,6657539.4232268
14793.0660112539,6715387.73546554
-35453.0774403143,6658001.31057692
253002.145917937,7491056.35275701
221181.808720831,7065589.95957916
13586.9126693794,7045493.22320169
-26864.8494178476,6667576.92925341
256414.810038381,7192836.26450319
750195.382695507,7842989.83501622
76347.9887829827,7200584.29324874
473181.152110968,7648164.64515496
474672.904497251,7643383.34364641
-37337.2580246708,6657096.73059249
160797.780690254,7306918.12722538
476073.520860064,7645518.37105188
80292.1489536849,7008711.05272334
254338.224169782,7491905.61230418
-37097.1547592403,6657361.85180695
89810.3928348602,6983161.45537751
152497.296896302,7111862.37192245
150837.984726531,7116630.69576202
285023.863514206,7271548.22154608
235599.130003153,7225725.04941609
163265.425714607,7310435.57733592
73035.1937665347,7145481.50361715
474201.965620563,7644092.41029016
475639.248126088,7647233.85459663
-35451.8619002185,6658004.18316518
259221.05025215,6558851.82053225
80382.8521873419,7008778.09356302
1870.67350599193,6971352.24994412
68349.5104277347,7196811.16847583
15683.3936386073,7046978.72080676
160499.479067287,7123920.09970566
337453.271631323,7437738.18761734
-26821.0565545862,6667690.87680155
476200.491606614,7646013.02424124
474864.869314286,7646018.25749026
476042.56798833,7645468.49245525
475576.318657029,7645830.4572594
474138.44547292,7644044.79156768
151276.458684061,7107934.10834663
331124.199449999,7433175.90240915
31891.6049880132,6957127.1333726
474270.600811304,7646622.19886779
99525.7429016975,7192309.85527603
160908.195687062,7157703.12462099
477024.746119989,7644766.22469207
126273.34119824,7379394.63245147
475576.427744405,7645934.60631099
781221.43834207,7812875.11364183
105765.563866517,7053720.52439285
160533.514559942,7124006.1685057
-26829.6949396064,6667682.18066607
160381.597268728,7307141.08940325
469889.956958589,7655492.47005301
476267.551452042,7646570.81693043
477319.263566097,7643349.56763624
280463.780492938,7276834.41607246
159882.732769525,7123898.1620896
-36668.5684706683,6657206.9067067
-26856.646748902,6667383.73688838
474472.230283425,7645832.16869789
30831.7953555633,6957319.99997714
103318.7046877,7249056.67757314
183026.738556201,7153179.60362064
474647.358775653,7646792.24878587
155721.944199141,7122113.58731457
104508.529448685,7247814.50074544
474325.353597905,7645981.22286724
156541.180651668,7130960.30001615
475355.021703618,7647809.50986594
77178.5252035724,7007963.68170588
-26811.8054375661,6667537.94719016
3683.68037453893,7036841.07002181
86736.2194303707,7000744.98044073
-26855.6489485475,6667616.13663387
475880.871802406,7646087.83268823
275539.729808484,7056434.49321619
160110.875606956,7306614.80060533
160746.277164781,7306894.89061504
476842.381618567,7644490.05039378
777008.82043056,7812405.85667264
-58475.4144508721,6996967.64918318
475758.815553288,7645246.01743688
479154.979268407,7642425.47920959
156426.695451238,7123584.65196115
471857.571751231,7649123.4830734
80900.1991387805,7194742.07677171
280205.564420369,7278086.25629488
475221.266846046,7645615.33070969
618235.993275633,7718624.96958286
156724.426780393,7117847.71604563
654227.131146848,7839151.19453038
-63875.2469490316,6995436.5833862
-59617.2110376685,6998234.84267282
99693.6199663562,7021167.90163082
256086.999433164,7192920.28552715
477215.157746354,7644766.24183905
324695.073268727,7428152.7449163
-28271.2404025638,6670258.67399114
162173.790872119,7126688.81034965
676416.424876994,7832412.13799329
280483.945483291,7277026.03879851
62421.3692016519,7134445.19735397
474993.839082969,7646802.75731752
780693.736920345,7812294.9493052
83903.0780570225,7313236.03215505
259195.466987145,6558719.45095584
476359.609493063,7645823.26471112
-60692.1029932296,6996214.29317084
478705.163193565,7642901.77791025
780972.574663381,7812869.23229739
475120.134751509,7647473.10417796
39722.1131507339,7076180.30528069
474822.994953045,7645101.2911325
156519.243740989,7124416.48173688
-52713.5568851049,6644775.47003358
543356.050777566,7574819.35900762
165025.891547948,7127275.69640436
195355.279911877,7145889.91200693
475495.127163153,7646932.53486478
155119.418041053,7111917.89120765
47992.526496402,7102021.82251711
-31357.4039558143,6683354.59851376
255772.002519955,6558992.81725606
788367.611094959,7832565.61984829
-59658.112329822,6998329.83878899
16144.2071156348,7046980.2537369
46413.4624200792,7092639.46920117
265928.297637391,7279182.35126165
163685.677803415,7308271.90852733
183464.349417833,7284282.62312503
32710.0942605564,6956878.98490661
475249.139074655,7644284.96136375
-37445.1158848023,6657051.334799
255811.550378556,7492983.20526576
148665.626726921,6998895.96565099
104112.612477033,7248081.9188934
-80753.1887469072,7000904.8998791
88653.1386125989,7320600.80404046
62763.4589225117,7134458.61137973
477878.807192816,7643501.49098434
476337.991801024,7645933.64346357
43805.3514241884,7098344.239384
160202.812803419,7306808.23606219
156225.356887188,7123719.34309383
97300.5614671655,7190714.5539675
474828.631173855,7646654.90474281
-37112.6475273294,6657381.27226964
268579.321926735,6546451.51416423
474670.431861463,7647989.74504156
236104.239849693,7232948.10224714
246074.411666634,7484827.07162872
160381.423858132,7307129.0834099
284834.872577597,7271147.4549867
122308.201836444,7247487.55413034
479112.621471445,7642383.24136753
475427.67346203,7647027.76735132
-37192.0476906342,6657423.8846631
160903.412281637,7306991.49168729
706507.34104089,7810532.62244959
93028.495167481,7283074.91016571
130858.318095127,7159540.15977479
781154.939567416,7813454.14262386
285369.73827648,7271322.26880719
216623.863688351,7073711.41086472
475586.350194477,7647065.21785723
594572.381452565,7738714.44277763
194474.286164844,7155656.15577339
160753.524209171,7307075.3264181
474138.356042669,7646569.38949012
476098.716978058,7646538.99633666
284869.614677558,7271099.81817105
474214.379127469,7646866.88343294
781304.695459495,7812702.73873373
235194.211298444,7228977.35851476
300795.092697898,7353441.00002174
-28274.6939652171,6670313.69925354
58331.6733097709,7130240.80939599
443825.158970559,7456125.13860344
-57051.8700279302,6997665.20075532
476300.789687444,7646901.79172115
200204.209626286,7433290.11144902
105556.373008216,7247099.00944074
183932.673523034,7126853.37708824
285416.544757571,7459156.7708815
39715.5608986648,7076169.97278399
-11787.1525339339,7013958.7023678
-37015.2589394007,6657416.00144335
147483.907831724,7083553.43746082
259670.349916166,7267456.17633207
-35841.513208956,6657817.61364841
470432.365679672,7656425.15488789
-28158.0251505502,6676882.72948622
475054.670259776,7646117.80291227
475049.385644104,7646075.48258902
-26758.819971628,6667552.93315917
160472.998783426,7124349.6149193
240226.275002295,7236255.37445278
473300.097130285,7647285.08970751
277463.182369971,7060428.05713244
69363.3678746474,6973349.52345573
278348.454908159,7275012.40021746
45331.9014550503,7085049.78082901
160520.052562182,7306927.6460702
676630.464872474,7832331.54804766
304980.849604161,7356658.37095714
474339.875764156,7647725.20811239
45189.036258205,7085104.34606573
475078.567457336,7647158.73117905
538748.411590133,7730873.3282292
259871.843499472,6557783.62759996
88220.1209677645,7320292.17853674
477186.087586521,7643263.93026516
-10761.2294104833,6993849.42664677
-36254.2232918132,6657795.4644337
-31333.0151342839,6683334.11513218
731824.746040677,7828697.37583855
573401.335847374,7751243.0301107
330340.944947299,7433805.79740525
-47207.1366068367,6709071.73771897
-35838.8725956512,6657796.11288184
475278.83052464,7647790.42490009
80248.2419094408,7008649.19686504
455255.992786687,7450335.4146248
164053.203893767,7311171.87091025
255669.063555935,6554957.26665492
476659.758900057,7644462.4453275
475197.501439691,7646731.45043287
225907.950070963,7176214.00523171
285095.715511105,7271449.86998344
160778.981563731,7307110.07660458
473561.928045266,7647610.44191496
474704.468912556,7648316.5669278
284980.147168519,7271702.30590153
242392.765630875,7064785.42376576
478467.058365063,7643208.70707516
284864.045900451,7271109.28809628
474445.802347179,7646499.94390435
474630.295746042,7646650.91779575
242612.383076621,7067093.32377079
-22492.8169251438,6712689.05170674
-8055.89009305218,6617344.60986042
-97734.7158550413,6988841.41555844
-26502.1570246181,6668434.93021515
474594.563274909,7646384.21871236
475038.050387889,7643610.89342671
93469.1729676948,7262047.62314378
